26 27 30 46 49 1 2 
9 20 27 35 48 5 9 
4 9 15 24 28 2 6 
3 19 28 43 49 2 3 
7 11 19 32 43 2 8 
13 21 25 34 35 5 10 
5 6 9 15 29 4 9 
12 34 36 47 48 5 7 
14 16 32 34 47 7 9 
2 22 33 38 47 2 9 
7 16 22 30 48 2 8 
9 16 17 29 39 1 8 
8 22 31 32 36 6 10 
12 15 32 40 45 7 10 
21 27 29 34 49 8 10 
9 11 15 36 43 8 9 
6 11 12 21 41 1 2 
6 13 15 34 35 1 5 
1 18 23 33 41 2 6 
2 7 8 43 50 2 3 
3 21 26 40 41 8 10 
13 19 23 34 41 3 8 
9 14 28 30 37 3 10 
1 17 29 39 42 7 8 
15 19 35 36 41 5 10 
12 22 24 29 38 5 6 
2 13 39 45 47 4 6 
2 6 30 32 49 1 4 
7 16 22 36 44 3 4 
1 7 12 23 39 3 4 
5 12 20 29 48 7 9 
1 23 32 45 49 5 10 
4 14 25 34 49 4 9 
6 27 30 35 41 4 5 
7 12 28 34 45 3 6 
12 20 21 22 35 4 10 
25 31 38 49 50 5 10 
8 14 23 30 45 1 9 
2 3 30 31 45 6 8 
3 12 24 37 38 3 7 
10 19 24 30 39 2 4 
14 20 23 39 49 4 10 
3 17 31 34 40 1 2 
2 30 34 35 45 1 2 
6 9 31 43 44 6 9 
8 12 13 39 44 4 9 
15 19 20 45 49 7 8 
21 24 26 34 47 4 6 
17 21 41 48 49 4 8 
3 21 22 33 47 2 9 
21 24 29 30 50 1 5 
10 18 32 35 46 3 10 
15 18 19 41 42 4 6 
7 20 35 42 44 3 7 
2 4 20 21 49 9 10 
6 11 38 41 44 9 10 
3 8 30 46 48 1 3 
31 32 45 47 49 7 9 
31 36 40 42 45 7 9 
1 15 34 48 50 6 10 
18 25 26 35 38 5 6 
20 27 37 41 45 1 7 
8 23 40 41 42 2 10 
7 8 20 35 38 5 9 
10 12 35 36 43 2 5 
8 26 38 47 50 3 7 
20 27 33 35 46 5 9 
5 7 15 19 29 3 8 
3 9 10 19 42 1 7 
1 6 11 17 38 4 8 
18 21 37 43 47 1 3 
14 16 21 30 37 4 8 
22 31 43 44 50 1 9 
4 9 15 24 42 8 9 
15 20 24 44 49 7 9 
1 2 11 19 47 2 7 
4 29 30 31 45 1 7 
7 16 18 19 24 1 6 
14 16 21 25 26 8 10 
1 24 30 31 47 7 9 
5 8 21 24 26 4 5 
6 29 38 45 47 2 3 
24 25 28 35 48 4 8 
2 9 23 36 47 2 9 
6 12 35 39 49 4 9 
3 10 25 32 43 1 3 
19 24 31 38 40 7 10 
3 16 20 34 49 2 10 
4 14 24 26 30 9 10 
4 16 21 31 42 4 6 
18 22 35 36 41 3 4 
17 22 28 31 46 5 10 
13 15 18 39 45 5 6 
8 32 34 46 49 3 5 
5 17 27 33 42 9 10 
18 19 33 38 44 4 10 
9 12 28 32 48 7 8 
6 26 31 42 50 2 9 
12 15 32 44 49 5 7 
3 8 13 18 40 6 10 
5 8 16 42 46 2 10 
24 33 35 46 49 5 9 
4 7 28 36 43 1 6 
3 6 9 18 24 2 7 
8 25 26 38 48 6 9 
2 12 32 43 44 3 4 
4 15 17 21 23 6 7 
4 8 12 25 31 7 8 
2 22 40 43 50 3 8 
13 33 40 42 43 7 9 
13 14 21 34 46 2 5 
2 7 24 38 45 5 8 
9 18 30 47 48 4 6 
16 24 33 35 43 6 7 
1 5 7 9 21 3 10 
5 13 22 36 39 9 10 
14 19 21 30 32 4 7 
15 31 35 40 46 3 8 
1 11 23 41 44 2 8 
3 14 17 37 39 5 10 
24 26 29 36 49 3 6 
9 21 31 32 33 9 10 
22 24 25 28 46 2 4 
3 10 21 25 34 7 10 
6 8 16 23 50 4 8 
5 15 17 29 32 5 7 
4 14 22 33 42 1 10 
4 27 37 48 49 3 4 
15 23 28 33 36 4 7 
16 18 20 27 46 3 5 
18 26 33 42 46 4 10 
4 8 19 25 44 9 10 
7 8 24 34 46 4 8 
15 24 29 33 41 7 8 
10 23 26 29 35 3 5 
3 9 17 45 47 4 9 
16 17 25 40 44 2 9 
2 7 38 40 45 7 10 
16 30 33 40 43 2 4 
16 26 32 40 47 1 6 
1 7 12 16 18 1 4 
9 15 20 24 34 1 5 
5 16 20 29 30 2 7 
11 16 18 22 43 7 8 
3 4 17 41 47 2 5 
1 14 17 24 50 8 9 
2 35 44 45 50 6 7 
2 20 23 29 50 4 5 
1 10 25 46 49 1 6 
9 40 43 44 46 1 8 
5 17 28 40 44 1 8 
2 12 15 29 44 7 10 
10 17 32 36 47 2 5 
15 22 29 33 47 3 7 
11 38 40 42 48 4 5 
3 4 9 19 28 1 7 
11 20 28 41 45 5 9 
1 4 20 32 34 3 6 
13 14 21 23 40 1 3 
18 39 44 46 47 4 6 
14 18 26 40 45 1 5 
27 35 36 38 48 2 3 
3 9 25 31 49 8 9 
15 16 17 23 30 6 9 
1 3 11 18 31 3 6 
6 14 19 27 35 2 4 
1 24 25 31 38 1 7 
13 17 20 24 47 5 8 
2 4 17 20 46 1 8 
3 11 13 15 23 1 9 
22 33 41 46 50 2 6 
7 14 31 35 46 1 2 
8 11 23 41 42 6 8 
3 38 39 41 45 3 5 
27 31 44 46 49 6 8 
6 22 33 46 49 1 5 
10 27 43 45 46 4 8 
8 14 34 40 44 1 7 
25 26 30 36 44 3 9 
3 16 25 38 45 7 8 
13 18 20 35 46 7 8 
3 7 16 18 25 2 10 
1 7 13 19 20 6 8 
7 18 19 40 49 5 6 
13 23 31 42 44 2 5 
4 5 17 39 47 3 4 
12 15 19 29 48 7 9 
5 23 25 35 40 5 8 
2 21 26 44 45 1 6 
7 14 23 27 35 3 5 
27 30 45 47 50 1 9 
13 27 30 42 46 3 4 
2 3 24 25 34 6 8 
12 17 29 44 50 2 10 
1 20 39 48 50 3 7 
19 28 34 45 49 1 6 
7 10 16 32 40 1 6 
1 16 18 42 47 6 8 
14 15 16 22 50 2 10 
1 4 6 12 13 1 6 
14 16 28 34 35 3 9 
7 10 25 39 42 3 6 
1 10 20 43 44 6 9 
4 28 29 39 44 8 10 
1 7 23 25 45 5 8 
15 28 30 37 43 2 5 
11 27 34 35 39 6 10 
15 28 30 42 50 1 8 
4 8 9 33 43 5 9 
22 33 42 43 46 6 10 
6 15 18 21 38 1 4 
5 11 12 30 40 2 5 
4 8 22 36 44 5 10 
6 14 20 26 46 2 4 
12 22 36 38 50 2 9 
4 19 21 31 42 5 10 
29 37 38 47 50 2 4 
19 21 24 41 48 1 6 
16 18 19 23 44 1 3 
11 12 26 28 37 8 10 
13 20 32 34 47 6 9 
4 10 26 33 48 5 9 
6 19 23 33 34 4 7 
6 7 36 39 40 1 10 
12 24 38 45 46 6 10 
10 14 20 24 40 2 10 
5 28 31 33 49 1 2 
1 5 17 39 46 6 7 
1 2 16 31 50 1 7 
6 12 21 40 49 8 10 
9 10 19 20 35 3 4 
10 20 35 47 50 4 7 
10 16 31 37 40 3 9 
2 5 10 13 28 3 10 
9 11 19 42 45 7 10 
10 12 28 29 49 3 4 
7 20 21 33 41 1 2 
10 25 35 37 43 5 8 
3 20 32 40 42 4 9 
3 19 26 29 36 4 9 
4 23 25 37 39 1 9 
1 2 5 24 47 3 8 
11 14 35 44 45 5 6 
8 9 33 34 36 3 9 
11 19 27 32 42 5 9 
34 36 37 39 49 8 10 
14 16 26 34 38 2 8 
2 7 13 26 49 3 4 
1 18 20 31 36 5 9 
19 23 26 27 49 3 10 
2 4 8 22 24 3 9 
5 15 16 36 37 3 5 
16 18 34 36 49 6 8 
11 19 38 42 46 3 9 
13 14 23 26 31 3 9 
7 9 28 39 47 2 8 
3 5 13 16 30 3 6 
3 7 13 41 48 1 7 
7 22 27 30 31 5 7 
12 23 37 41 46 3 7 
5 8 33 34 46 3 8 
13 20 39 40 42 3 9 
1 7 27 28 41 2 6 
1 9 15 22 49 4 7 
11 19 24 46 49 1 5 
6 12 15 20 30 3 6 
6 21 30 37 44 1 3 
12 35 36 39 47 3 6 
1 31 40 41 45 5 9 
14 27 28 35 47 1 8 
12 14 20 21 39 5 10 
17 23 27 30 39 6 8 
19 38 40 41 50 1 5 
1 6 16 28 38 1 6 
8 23 24 39 50 1 5 
12 14 18 38 46 9 10 
19 31 32 40 46 8 9 
8 24 25 30 50 4 6 
4 17 27 33 46 3 9 
5 6 13 20 33 3 8 
1 18 26 40 47 3 4 
5 34 37 43 48 2 4 
3 26 31 33 50 3 9 
9 11 13 35 38 5 7 
1 10 25 39 44 1 2 
9 16 17 20 32 2 3 
9 28 30 43 49 8 10 
1 16 18 29 44 2 7 
3 7 14 46 48 6 9 
3 19 22 37 39 5 10 
3 4 8 11 41 2 8 
2 13 14 30 32 1 3 
1 4 14 32 48 5 6 
13 19 20 27 41 5 9 
16 29 38 42 48 5 6 
2 21 30 39 43 5 7 
10 11 25 32 49 5 9 
1 8 15 19 37 7 9 
11 25 32 42 47 4 9 
6 16 18 29 35 6 9 
4 18 35 41 43 4 5 
22 25 41 45 49 2 5 
5 13 25 33 35 4 8 
3 7 27 43 46 3 8 
3 15 22 26 37 2 4 
14 24 27 35 39 7 8 
11 17 20 22 29 4 6 
8 15 34 44 49 4 8 
8 26 32 44 50 4 7 
13 18 20 38 39 1 8 
2 9 17 25 29 3 5 
26 31 33 39 40 5 6 
1 8 9 12 37 2 6 
19 20 40 42 47 2 8 
17 38 41 43 47 4 6 
15 19 21 34 40 3 4 
5 18 33 38 47 3 6 
3 10 36 43 47 2 5 
6 11 15 18 45 5 8 
3 10 16 35 45 4 6 
3 10 11 13 42 1 8 
11 33 35 42 44 4 6 
6 10 23 33 41 6 8 
1 8 15 18 39 1 6 
6 9 19 37 38 4 8 
7 17 25 26 35 4 7 
6 21 33 37 47 7 8 
9 28 36 42 43 2 8 
1 11 14 22 43 3 4 
9 31 32 33 34 6 8 
4 7 10 39 48 3 4 
12 32 40 44 49 2 3 
1 7 14 22 44 1 2 
10 16 28 30 33 4 6 
10 32 35 38 45 4 5 
8 18 35 38 42 4 6 
6 7 9 13 30 4 7 
7 14 15 20 39 1 8 
2 17 21 22 45 1 5 
2 4 21 30 41 7 8 
19 21 22 28 45 6 7 
16 18 20 36 49 3 4 
12 17 29 39 40 5 6 
4 28 30 36 46 3 7 
4 7 17 25 29 2 4 
8 18 22 33 40 2 8 
1 16 34 36 37 4 6 
2 15 33 40 43 3 7 
9 12 22 37 40 6 8 
9 19 24 28 49 2 8 
1 8 18 25 47 2 7 
17 25 32 35 45 4 7 
1 38 39 42 47 1 2 
3 19 32 43 48 4 8 
18 25 28 34 42 3 4 
7 10 13 26 27 5 8 
9 25 39 41 46 2 8 
7 22 24 25 41 1 3 
2 11 23 29 34 7 8 
1 7 16 21 48 1 8 
6 10 21 34 36 1 4 
2 6 15 18 24 5 7 
3 10 18 31 43 1 7 
3 7 20 32 44 4 5 
6 9 10 17 43 2 8 
4 10 25 30 47 2 3 
5 32 33 38 49 3 8 
7 26 32 34 49 1 6 
14 23 29 33 37 2 5 
4 13 19 25 43 3 4 
7 18 19 33 37 2 5 
7 27 33 47 48 2 7 
15 16 17 19 50 5 7 
6 8 23 33 49 3 8 
5 14 21 23 50 2 7 
1 25 46 47 48 3 8 
6 9 11 29 35 2 6 
5 9 12 23 40 2 7 
2 4 9 20 41 3 5 
4 6 10 13 32 1 8 
6 9 31 33 35 1 7 
14 16 28 44 48 3 7 
11 14 19 23 49 4 5 
17 18 22 24 25 1 6 
8 19 22 32 40 1 8 
22 31 37 38 41 2 6 
1 22 27 37 50 5 7 
5 12 21 43 48 5 6 
4 30 32 41 50 5 7 
10 12 14 30 43 2 5 
19 28 29 34 44 1 5 
3 13 41 46 49 3 8 
4 9 26 32 40 3 5 
12 14 17 27 43 1 7 
2 4 14 26 29 6 7 
4 13 28 37 38 7 8 
9 13 21 28 45 6 7 
6 31 37 41 49 2 3 
6 20 29 40 45 5 8 
5 8 22 32 39 7 8 
11 20 24 25 35 4 8 
17 28 31 35 39 5 8 
13 20 22 27 42 3 5 
2 13 21 24 37 6 7 
1 21 32 36 50 2 5 
1 4 7 21 26 4 7 
25 29 38 41 44 3 8 
3 5 7 12 31 5 7 
7 17 18 19 22 4 5 
6 14 18 19 48 3 8 
6 11 17 43 49 4 8 
26 28 40 49 50 2 7 
5 14 16 34 39 1 6 
18 29 41 44 49 1 5 
10 14 15 24 47 4 8 
15 23 25 46 49 2 4 
8 22 28 40 42 4 8 
9 20 21 33 49 5 7 
3 16 30 34 35 2 5 
6 11 40 46 48 3 6 
12 15 18 24 25 4 5 
9 22 23 34 35 1 3 
6 9 13 14 25 1 8 
8 12 27 31 37 3 6 
10 22 24 33 38 2 6 
5 8 19 33 36 2 3 
13 14 16 47 49 1 7 
6 10 17 18 42 1 3 
10 15 16 36 44 7 8 
11 28 34 37 38 3 7 
4 11 26 32 41 5 7 
12 18 43 44 46 4 5 
15 21 38 39 47 1 5 
29 30 35 41 45 3 5 
10 13 19 40 45 3 5 
10 16 30 41 45 2 8 
5 11 12 27 32 1 3 
7 8 34 36 38 4 5 
5 7 12 19 26 1 5 
5 8 21 37 46 6 8 
