6 10 13 14 17 22 35 36 5 
1 3 11 13 22 26 34 20 25 
4 11 14 23 24 35 38 13 14 
7 9 13 18 21 24 31 33 7 
7 11 21 25 30 38 39 27 10 
9 13 14 17 23 29 33 25 11 
2 3 6 17 18 28 34 37 21 
5 14 20 22 31 36 40 34 23 
1 6 10 16 17 23 31 26 9 
1 5 17 20 21 32 37 34 26 
2 11 21 23 31 33 34 28 5 
4 6 12 13 24 30 34 29 6 
6 8 21 25 30 36 40 22 24 
7 10 25 26 27 33 38 22 13 
3 4 5 10 17 26 36 15 23 
4 11 16 18 20 26 36 7 8 
1 13 28 29 35 36 38 24 2 
10 14 17 22 28 30 36 39 23 
5 8 18 21 23 31 40 20 29 
3 7 20 22 32 34 35 21 16 
4 11 12 14 15 30 33 32 7 
2 8 10 14 18 29 35 12 5 
2 19 22 28 30 32 35 20 25 
5 7 11 17 18 34 39 15 24 
8 10 20 23 25 28 34 4 27 
4 6 11 18 26 29 33 22 11 
4 12 14 16 19 23 26 29 9 
12 14 16 17 22 27 38 7 3 
2 5 10 11 12 37 38 32 8 
11 23 28 31 32 33 36 17 9 
16 17 18 30 35 37 40 4 30 
2 3 7 13 18 20 30 40 16 
4 11 20 29 33 37 39 21 29 
8 11 14 18 26 31 38 15 13 
1 2 5 8 14 19 23 31 30 
2 7 8 12 14 31 36 4 14 
4 22 25 28 30 35 37 33 2 
8 9 13 14 15 19 29 10 4 
11 22 27 28 29 34 37 35 9 
6 9 12 22 28 31 40 30 20 
7 14 21 25 35 38 40 15 1 
6 10 14 19 26 32 40 34 20 
1 8 20 25 29 36 38 26 27 
5 14 21 24 32 38 40 12 11 
3 4 8 17 21 29 30 1 18 
9 11 13 21 22 32 38 19 12 
1 2 7 11 17 25 32 23 9 
8 12 15 16 19 20 30 39 29 
2 5 14 22 25 37 39 38 17 
7 10 11 19 22 34 40 35 20 
8 10 19 28 34 36 40 4 16 
1 6 12 13 27 33 34 28 30 
11 13 14 15 20 31 32 33 10 
5 22 28 33 35 36 39 16 9 
2 12 22 28 31 35 40 20 8 
7 12 17 18 35 36 39 40 22 
5 6 18 26 29 35 39 1 19 
11 12 20 23 31 35 37 6 11 
9 13 15 17 22 25 34 1 8 
7 13 21 23 25 29 39 17 11 
2 17 19 25 33 34 37 18 20 
6 19 20 21 26 34 39 33 27 
1 3 14 16 18 23 37 19 4 
3 12 16 17 24 26 30 19 16 
6 10 18 25 26 33 40 35 14 
5 9 11 16 26 29 35 37 16 
6 9 16 32 33 36 37 15 14 
8 19 23 26 35 36 38 40 16 
1 2 17 19 21 31 32 30 18 
7 12 13 14 30 35 38 29 11 
1 5 13 15 21 27 37 10 23 
7 14 25 29 31 32 33 23 19 
2 13 18 19 24 36 38 11 18 
5 10 12 15 26 30 33 34 22 
4 8 12 15 33 38 39 37 19 
1 11 18 19 21 27 39 3 24 
1 11 19 25 30 33 34 10 11 
1 6 13 15 17 30 36 23 20 
3 7 15 21 22 28 37 10 22 
4 7 17 20 25 28 29 37 24 
12 19 21 24 35 38 39 20 7 
7 16 18 29 35 37 38 26 25 
1 22 23 27 28 37 38 29 24 
